0,0,0,0,0,0,0,0,0,0,0,0,0,0,0,0,0,0,0,0,0,0,0,0,0,0,0,0,0,0,0,0,0,0,0,0,0,0,0,0,0,0,0,0,0,0,0,0,0,0,0,0,0,0,0,0,0,0,0,0,0,0,0,0,0,0,0,0,0,0,0,0,0,0,0,0,0,0,0,0,0,0,0,0,0,0,0,0,0,0,0,0,0,0,0,0,0,0,0,0,0,0,0,0,0,0,0,0,0,0,0,0,0,0,0,0,0,0,0,0,0,0,0,0,0,0,0,0
0,-14,-18,-40,81,-71,50,42,31,1,0,-1,1,1,2,25,25,26,27,28,28,27,27,27,27,27,27,27,27,27,27,27,27,27,27,27,27,27,27,27,27,27,27,27,27,27,28,28,28,28,29,20,29,16,3,78,27,3,5,26,34,0,-23,-22,-24,-16,-17,-44,91,64,64,65,55,63,61,60,61,37,13,-13,-14,-14,-13,-12,-11,-23,-39,99,70,70,13,30,68,62,73,63,100,-74,54,42,68,92,122,22,10,-13,-46,49,7,80,-22,183,151,14,-5,122,87,57,196,147,127,102,104,98,99,98,94,0
0,-5,-11,-52,79,-32,13,-2,24,-18,191,-26,-16,174,-23,-8,-18,-17,7,-1,8,6,6,6,6,6,6,6,6,6,6,6,6,6,6,6,6,6,6,6,6,6,6,6,6,6,7,-2,6,5,6,7,8,6,-7,-22,-62,107,117,-76,-58,92,29,18,5,22,11,-15,39,13,4,14,13,12,17,-7,-28,-97,99,50,50,59,50,51,50,56,31,107,69,78,3,2,85,70,71,70,100,17,20,40,-135,-89,-86,-90,140,126,82,48,8,58,-129,8,4,167,-33,-9,-24,-55,21,-52,130,98,67,47,26,27,27,0
0,-25,56,-92,49,7,5,-11,-11,-16,86,-38,-36,90,-69,-55,142,-21,3,-4,5,3,3,3,3,3,3,3,3,3,3,3,3,3,3,3,3,3,3,3,3,3,2,1,0,1,3,4,3,11,2,3,3,-20,-21,-22,-37,43,45,-39,-20,-13,79,33,30,30,29,21,12,4,4,4,3,-24,-54,-97,60,-19,78,38,38,38,38,39,37,44,21,10,0,12,22,21,10,0,0,0,11,23,47,71,-15,22,31,15,-56,-62,-112,73,38,83,-25,28,-190,-11,-119,-82,-55,-39,-24,-76,18,-22,-56,119,78,78,52,0
0,-45,90,-22,38,5,14,-3,-1,-15,18,-8,-35,-47,-88,132,-32,-45,-22,1,1,-1,-1,-1,0,0,0,0,0,0,0,0,0,0,0,0,0,0,0,0,0,0,-3,-17,-18,-15,-1,0,-1,-1,-1,0,0,-56,128,-92,-81,-84,-92,-90,-71,-169,69,1,1,1,1,0,0,0,0,-1,-2,-40,129,43,75,30,15,0,0,0,0,0,-1,-1,-1,-1,-1,-1,-1,7,-2,-1,0,0,0,-1,0,15,31,44,44,62,-19,9,-24,34,-1,12,35,85,7,40,36,59,89,-112,-50,-40,-31,-45,-103,-61,-117,-105,-128,0
0,-50,77,30,52,-61,57,23,40,-100,26,28,-20,139,-105,199,-119,143,-36,0,0,0,9,0,0,0,0,0,0,0,0,0,0,0,0,0,0,0,0,0,0,0,-5,-25,154,-40,-23,-43,-62,-60,-39,-19,0,-90,150,-5,28,29,30,30,31,-16,47,0,1,-8,1,0,0,0,0,-1,7,-31,-10,128,46,23,0,0,0,-1,-1,-1,0,0,0,-1,8,-1,-1,-2,7,0,1,-15,-32,-48,-48,-48,-48,-48,-48,-37,-27,-18,-29,-39,-32,-17,-2,8,19,31,29,40,60,3,70,-97,-66,-43,-71,116,66,79,-172,0
0,-20,-2,69,0,-65,18,-30,72,-36,36,-79,-1,64,64,21,-100,65,-36,0,0,0,-9,0,0,0,0,0,0,0,0,0,0,0,0,0,0,0,0,0,0,0,-4,-23,94,-38,-23,126,96,66,65,-100,-72,-150,91,25,36,36,36,36,36,24,12,1,2,2,-2,-29,-55,-78,-77,-77,-77,-89,-138,-28,-76,86,26,0,0,-1,8,-1,0,0,0,-2,-2,-1,1,0,0,2,-6,-42,55,10,9,9,9,9,9,9,10,10,39,50,94,-25,-1,0,0,2,-8,3,4,27,76,-19,21,46,-148,-18,-33,2,8,0
0,-10,-35,10,-35,-20,-34,-85,-30,-44,80,-14,12,-13,28,-81,130,-84,-77,-63,-42,-20,1,1,0,-1,-1,-1,0,0,0,0,0,0,0,0,1,1,1,0,0,0,-2,-17,-39,-60,-97,-37,-46,-50,163,47,73,-1,45,1,1,1,0,1,1,1,0,1,-8,0,-5,-18,151,93,71,38,37,37,26,32,-183,-121,41,0,1,0,0,-1,0,-1,-1,-2,-10,-36,-62,-53,-53,-60,-60,-106,89,43,42,42,42,42,42,42,43,34,65,-58,5,-16,-1,0,0,2,-7,3,1,1,15,30,45,78,-2,9,23,-167,-93,0
0,-1,2,-8,3,-3,-37,55,35,-117,-25,-23,-52,16,21,-36,42,74,82,63,79,-91,-36,-17,1,-1,8,-1,0,0,0,0,0,0,-1,-1,0,-8,1,0,0,0,1,0,-37,124,80,62,66,-135,-39,-91,55,10,-10,-42,-71,-64,-62,-39,-25,3,0,-1,-1,-1,4,-36,42,-42,127,97,106,85,59,68,-11,-44,41,0,1,-8,1,0,0,-1,7,-3,-32,102,73,72,73,73,73,32,82,25,24,24,27,13,14,14,14,-1,32,-6,-91,-53,-30,-14,0,2,2,2,-1,-1,-1,0,-1,19,22,35,74,-28,-23,0
0,-2,-14,-15,-13,-14,-60,100,61,-24,24,-101,-100,56,42,15,6,75,28,-14,116,-20,61,-56,-19,-45,-67,-44,-20,1,0,1,0,0,-2,8,0,1,1,0,0,0,-1,-34,-76,-8,-51,-50,-37,-1,-11,-50,17,-52,-99,38,27,41,78,109,-60,-55,-73,-66,-64,-74,-49,-40,-28,-72,33,-16,-18,-51,105,62,52,27,14,-1,1,0,0,-1,0,-1,-2,7,-31,48,18,17,8,-29,-29,-40,-50,-88,74,-88,-85,27,18,-117,24,-1,12,36,-22,7,23,-79,-38,-19,-9,0,-2,7,-1,0,-1,-1,-1,-1,22,25,25,0
0,-1,-30,87,-29,-14,-64,93,27,22,61,-11,18,-78,-61,-54,-72,-12,-70,-74,140,78,121,-109,-60,130,105,121,-62,-20,-21,1,-9,9,-2,-2,-2,-1,1,2,1,0,-3,-22,95,26,-7,-7,-25,35,-5,-43,-88,74,14,79,50,70,-94,-32,-136,71,40,31,33,24,81,-115,-44,-38,-31,-69,-93,-139,-54,-85,81,21,8,-1,0,-1,8,-1,0,0,-1,0,-29,-57,-87,-88,-117,23,-16,-17,-17,-45,44,-47,-42,25,19,-54,26,25,35,65,79,91,115,49,93,-55,-32,-15,9,-2,-1,0,0,0,0,-1,-1,-1,-1,0
0,-1,-36,102,-51,-48,12,-67,50,16,30,35,54,-19,2,-112,-129,50,-25,0,40,-43,145,68,-110,-17,-8,41,-62,160,-30,1,0,0,0,0,8,-3,-26,-32,-33,-16,-54,-105,-54,62,34,7,-33,-96,49,26,-13,73,23,11,2,42,-53,5,-22,85,38,39,32,40,78,-10,54,-120,-87,-121,52,45,72,-100,-43,84,52,79,79,51,24,-1,0,-1,-1,0,-33,83,36,16,-14,56,35,37,28,26,25,24,36,21,61,62,69,54,-76,-79,-79,-79,-70,-52,-48,11,45,-81,-18,-1,0,0,0,0,0,0,0,0,0,0
0,0,-24,-5,63,-99,70,-42,23,-1,-10,17,14,24,62,14,14,60,-26,-115,33,-25,-11,-8,96,77,-124,-47,-42,51,-30,0,-21,-21,-20,-9,0,-16,-74,122,-112,-94,83,25,-9,5,-46,-119,91,25,82,42,28,14,0,0,0,15,29,43,28,5,0,1,1,1,14,29,77,21,54,20,110,126,-21,-45,-103,160,-132,-101,-79,-75,107,45,21,-1,8,-1,-25,-9,123,74,36,17,-4,-3,-3,-3,5,-5,-2,29,-128,-71,-53,-33,60,55,56,65,55,55,50,100,113,68,-66,-56,-56,-57,-38,-19,1,1,1,0,0,0
0,0,-8,-53,97,-18,44,11,15,-103,-11,3,38,15,8,15,16,12,19,-32,-68,-76,-13,-53,-3,154,82,-55,-27,-8,-8,-18,-73,96,-93,-57,-36,-64,96,148,11,-8,61,5,-26,-95,74,-13,72,19,6,-20,-35,-49,-49,-49,-33,-16,0,0,1,1,1,0,0,0,0,0,10,20,30,19,71,-52,-66,-9,-51,16,55,122,-74,-73,-1,-52,98,62,62,61,43,-26,3,-49,83,47,30,24,-1,-2,-2,-2,16,62,17,87,-64,-47,29,-1,-1,-1,-1,-1,-9,-17,-18,7,78,69,63,46,61,-81,-48,-40,-14,0,0,0
0,-1,-3,-38,103,-53,38,12,46,1,44,-28,-104,23,0,1,21,45,67,96,22,46,-40,13,-10,34,31,97,-28,0,-32,-76,5,101,-15,22,36,-141,-3,-72,76,6,-44,-95,43,-17,79,28,-13,-38,-61,-69,42,11,11,20,35,-83,-59,-58,-59,-60,-61,-61,-60,-60,-60,-60,-60,-60,-60,-60,13,-214,-109,-78,-83,-131,-27,-13,-118,-91,-99,-117,-4,-15,-15,-16,-46,92,56,-2,32,-11,-38,81,57,57,47,18,25,-86,-44,-13,-89,-68,-77,-68,-48,-30,-30,-30,-30,-30,-33,-45,35,16,1,81,77,-13,23,50,-39,-1,0,0
0,8,-2,-26,20,-81,54,53,-62,-53,73,14,-37,23,-1,18,55,-58,-49,-39,-41,-3,-111,-91,-10,-57,-29,55,-39,-8,-58,104,131,106,91,86,100,-4,38,-230,18,-112,80,19,76,32,16,3,-44,79,36,10,58,36,35,35,59,13,28,38,28,36,44,35,36,37,37,37,36,36,36,36,86,74,-1,44,44,28,14,6,22,45,45,50,-140,-117,-116,-117,-124,-43,-46,-81,50,-13,-62,-5,-29,-39,-60,78,75,-1,18,11,26,29,32,53,-80,-54,-55,-55,-54,-54,-55,-66,-76,-97,-113,-89,57,53,97,116,-50,-2,-7,0
0,-1,-1,-6,-6,-34,3,96,-68,-68,82,27,9,15,-1,32,-63,-93,-95,-6,-12,31,-85,182,-28,-16,19,18,-45,173,-66,33,-31,-27,-62,-49,122,92,87,-116,121,-6,71,22,10,2,-7,4,-65,126,73,63,45,47,47,31,22,14,22,24,39,54,68,69,70,71,61,71,71,70,54,38,38,116,-40,33,33,33,34,35,35,34,36,66,-1,18,29,28,57,-122,-92,-112,-38,87,9,-19,-25,-25,-55,11,9,-41,110,61,57,42,29,50,-11,24,32,23,24,24,24,25,33,48,62,21,112,-51,-7,14,-5,28,6,0
0,-19,-1,0,1,-8,-39,43,-33,-53,-12,62,54,51,30,39,-31,17,-3,63,59,-47,-131,53,189,-54,-12,-15,-92,167,-36,-9,-58,121,-103,-87,29,-13,-61,207,198,79,12,-19,-48,-46,-65,-63,-93,-5,-29,-3,-5,-3,-13,-39,87,60,60,61,59,-69,-63,-62,-71,-61,-62,-61,-70,-71,-78,23,3,78,-81,0,0,0,0,0,0,0,1,14,29,23,6,-22,26,-80,-46,-54,-228,-134,-17,-58,-55,-44,-27,-22,-42,-65,5,-43,-93,26,1,11,21,29,29,29,29,29,30,51,95,2,25,13,33,-65,-31,4,66,-46,-119,0
0,-100,-37,-17,-8,1,-10,0,-21,-35,88,-28,-33,-54,32,12,21,32,22,6,67,-67,-13,-42,-1,-131,-60,-61,-129,22,-28,17,-4,106,-15,-8,-39,-59,-120,28,-149,228,77,-9,74,64,81,89,69,69,-75,-29,-65,-70,-86,-111,-48,-75,-75,-75,-80,-4,-9,-8,-8,-8,-9,-8,-7,-8,-34,22,2,62,-113,-48,-48,-48,-48,-48,-47,-47,-47,-48,-49,-80,61,32,39,63,91,107,15,-6,61,29,33,56,-84,-45,-30,-30,-68,36,-41,26,0,-1,8,-1,0,0,-1,8,1,23,-84,-97,-73,-57,-43,10,49,92,-33,-99,-201,0
0,27,7,-74,-17,-4,-76,-74,-71,-20,49,-50,-41,-73,-44,21,-9,-9,-9,-17,19,-34,201,25,1,38,97,-49,72,91,76,-62,-70,-68,-61,-16,-104,-170,-198,-224,-332,-136,-317,149,127,-57,-49,-50,-30,-18,-77,-57,-84,45,10,2,-9,-19,-19,-19,-31,48,48,68,87,87,86,86,86,87,77,77,61,94,15,33,12,12,12,12,13,4,13,12,11,-11,57,28,28,27,26,48,52,61,39,27,29,52,-16,14,30,-85,-101,86,17,10,0,-1,-1,-1,0,0,20,40,62,82,32,84,-41,127,-42,-1,-190,-130,-186,-163,-257,0
0,71,60,-43,-141,-87,-136,461,-160,-55,-56,-58,-53,105,-105,48,20,39,37,16,-3,-40,78,9,72,-42,13,-61,16,-25,-8,-76,98,85,-94,-81,311,169,106,97,76,16,-129,22,-79,6,-3,-14,-6,2,16,27,1,66,33,37,37,64,71,87,74,64,75,-65,-36,-36,-37,-28,-37,-36,-37,-37,-36,-22,-49,121,91,72,54,35,37,37,37,36,35,23,11,0,0,0,-1,-1,-2,-1,-1,0,1,13,25,37,62,-7,4,39,-3,0,0,0,0,1,1,1,31,-128,-88,-79,-68,-50,-129,-31,-120,74,0,54,69,79,8,0
0,-47,-145,198,-149,-79,-105,147,-118,-11,-13,-26,-11,-69,-7,69,-88,-43,-34,-33,81,57,-79,-40,-21,-72,73,-43,-13,-21,-14,-36,23,-9,20,-147,-48,304,155,110,68,18,122,26,-15,45,27,27,35,33,34,25,24,14,-3,0,-8,22,-87,-33,-18,-16,6,-53,-41,-57,-75,-74,-74,-72,-72,-71,-71,-70,-101,-41,-70,-109,41,0,0,0,0,1,1,1,-1,-1,-1,0,0,0,0,0,1,1,1,0,0,0,9,25,14,14,-2,1,1,1,0,1,-8,0,23,-43,-19,-21,-37,47,7,25,15,31,38,55,56,50,87,0
0,-287,-26,211,6,73,91,-189,-127,-90,-92,-102,20,-205,-34,9,-93,-20,-105,-93,-23,-47,-21,-115,-100,33,28,-18,-7,1,0,-9,-18,-57,97,-44,-169,66,-80,220,109,-14,109,26,18,13,78,152,220,219,146,72,-2,-3,7,0,1,31,-25,-115,-72,-51,-21,-9,-25,103,66,76,67,69,69,70,61,70,59,49,41,2,80,57,57,57,57,58,49,58,57,46,18,-1,0,0,0,0,1,-8,1,0,0,0,-1,-1,-2,-1,-1,1,-8,1,0,1,0,-1,26,100,82,73,39,81,84,76,82,39,-14,-12,-20,-27,122,0
0,-55,53,13,17,35,85,-8,49,51,50,55,136,98,-168,-92,-57,-22,-151,-140,-141,-133,-32,179,-34,-48,-67,-50,-43,-28,-14,0,0,-27,-4,61,-6,-65,-158,-20,-179,162,262,195,129,145,206,-232,-124,-123,-238,311,130,62,-3,-3,-2,20,49,32,95,-30,0,1,-51,-4,-50,-41,-49,-29,-11,7,7,7,5,5,6,-4,-16,-29,-30,-30,-30,-29,-29,-29,-30,-71,87,31,16,0,0,0,1,1,1,0,0,0,0,-1,-2,-2,-1,1,2,19,35,52,50,60,93,-5,2,227,94,64,-1,-42,-11,34,32,40,158,193,402,0
0,134,-13,10,12,13,31,58,66,67,68,77,-33,154,22,-2,21,39,7,27,39,99,-177,23,-37,-95,-27,-11,-1,39,-38,0,0,-7,-37,-4,53,31,5,-19,-124,11,-17,-79,-186,357,-206,-374,-273,-214,-271,37,-175,281,119,61,-2,-1,10,33,-34,-75,-47,-45,-69,60,42,41,42,66,-57,-43,-60,-75,-76,-66,-75,-73,-74,-73,-73,-72,-72,-72,-72,-72,-57,-89,-13,-73,58,45,45,45,45,45,45,45,45,44,44,43,52,53,46,47,49,69,-44,3,13,8,-6,-279,-265,-137,-209,-277,79,-5,76,-50,28,9,75,-199,74,0
0,167,61,-4,0,9,9,0,0,1,-4,32,-47,74,95,50,73,66,154,71,79,160,-95,-15,93,-155,-80,-41,13,34,-107,-47,-98,-147,-142,-95,5,-6,2,-7,-35,-103,-56,-92,-221,108,159,160,148,150,-328,-298,-445,-131,-232,230,140,72,5,26,-52,4,4,14,-1,-25,-32,-33,-32,0,-95,-54,73,66,65,66,57,50,22,14,5,6,6,6,6,6,29,-109,4,-27,-56,-42,-23,-7,-6,-25,-44,-63,-63,-64,-54,-45,-26,-26,-51,-77,-74,-84,-164,-125,-254,-307,73,-12,25,-65,-50,-129,102,18,126,-284,-162,-108,186,48,-68,0
0,171,42,-20,66,54,-34,38,18,18,26,79,60,79,33,7,27,13,65,12,110,49,41,94,38,-25,64,113,-115,-44,-175,-103,-160,218,241,-296,-137,-86,-28,-28,-24,-41,-13,-96,-72,-190,99,-186,276,179,91,153,103,56,11,-209,-256,298,120,77,24,36,34,36,48,-20,-10,-10,-10,6,36,60,7,11,12,13,14,-16,115,85,86,71,55,39,38,38,61,-19,62,66,17,48,-55,-38,-37,-69,71,39,40,40,41,46,-101,-116,26,-27,23,-5,97,175,137,139,315,237,265,229,245,208,173,162,271,150,275,101,-98,73,-1,0
0,-132,9,-41,20,18,-30,142,112,163,111,144,-265,-261,154,108,38,-22,-15,-43,19,-37,75,93,49,120,-19,51,-63,45,40,112,129,20,469,164,353,-88,0,-72,-139,-163,-103,-111,374,-95,-59,-314,322,152,250,264,264,214,202,-95,-505,-98,-278,216,63,62,62,44,26,18,26,35,26,30,47,-53,-101,-92,-91,-91,-88,-128,-32,-73,-71,-95,25,0,-1,96,184,274,262,266,155,199,131,157,169,127,214,182,184,176,191,219,274,179,175,29,-2,118,74,103,-176,-147,-159,-209,-164,-140,-125,-68,-10,84,-68,-12,39,9,-144,-11,-48,0
0,200,160,113,121,184,131,241,-373,420,-370,395,88,25,170,-550,216,96,106,124,58,-38,15,9,28,73,-10,52,164,-16,30,93,-175,-288,-298,-277,-154,-247,-80,-110,437,410,-131,-14,169,-68,8,-83,30,-109,-114,-135,-135,-215,251,172,135,139,-626,86,-76,-85,-84,-104,29,0,-1,-1,-1,3,10,-9,24,34,44,35,38,16,13,-1,1,-32,25,0,-1,132,-526,-390,-414,-214,-231,-113,-92,-100,-89,-112,-114,-136,-134,-133,-112,-231,-142,-260,262,115,283,199,-230,74,-54,30,61,76,-124,-98,-88,-2,-435,-298,-328,-234,-165,56,-11,-33,-37,0
0,-73,296,187,-406,-242,81,145,-378,132,-330,61,-157,365,255,-186,324,-260,-197,274,184,74,94,32,9,10,28,25,51,-58,64,129,-52,54,-37,-6,34,203,-338,-288,-56,-74,-339,-245,-176,-206,-104,-27,-109,-15,-47,-59,-69,-153,16,-192,408,336,-47,210,131,173,174,134,153,62,2,0,0,2,10,18,24,23,23,23,25,25,25,23,24,16,9,1,1,134,-138,-12,-26,113,-370,-253,-253,-249,-176,-105,-37,-48,-58,-69,-48,-99,-86,-190,-129,-364,-453,169,-104,72,66,-72,-34,-23,76,11,27,112,-42,132,155,122,-25,-5,-46,48,-64,0
0,-252,-87,304,-108,-518,-179,204,-82,19,-16,-48,-218,74,-57,402,541,-361,-279,-19,-43,-145,326,-382,118,75,-314,72,0,-7,-14,25,5,147,167,174,97,231,-105,36,-319,-5,-12,-7,75,80,173,-329,-342,-192,-124,59,41,12,-29,-199,75,-65,277,226,-136,-97,-96,-80,-148,240,110,55,57,57,58,57,56,37,18,0,0,1,1,0,8,-1,0,0,-9,45,91,137,136,224,-55,37,38,54,121,-369,-264,-281,-113,-44,49,42,36,6,-187,351,-19,278,-45,-26,9,-86,-58,-72,82,94,210,325,288,448,-20,48,-86,-89,23,9,-97,0
0,-115,-348,472,442,285,-430,-224,-326,-199,-115,-55,22,-61,-170,-114,-38,-318,511,-328,-267,-291,0,94,305,174,-111,55,-23,62,7,30,-26,-60,-39,-16,18,69,131,230,62,232,190,80,186,-37,90,-185,222,284,-501,-293,-206,-121,-39,-4,-67,-206,-48,-99,-44,-92,-156,-195,-431,-243,64,-90,-71,-90,-80,-81,-82,-103,29,0,0,1,-8,0,-1,-1,0,1,10,1,0,0,19,81,146,191,192,198,283,54,133,91,323,-257,-48,-68,47,45,-45,133,-282,351,17,47,145,224,317,321,235,310,-230,-101,-125,-8,-192,-32,-11,48,18,-49,27,0
0,1,-140,126,-53,41,228,178,127,182,-389,-274,-153,-122,-78,-55,-16,-223,124,332,413,-118,-176,36,-113,-8,325,183,100,96,42,45,55,32,-20,-37,-4,-15,-16,2,3,4,-19,8,79,-23,52,38,217,307,-57,153,347,-337,-237,-186,-35,-7,-43,-80,37,-120,341,217,136,-542,236,-34,-8,-9,-8,-8,-9,-39,29,0,0,1,1,1,0,0,0,0,-9,0,0,0,29,-94,-63,-71,-62,-44,11,122,168,396,609,-337,28,28,-19,-11,-37,-227,-656,436,190,192,293,-182,-72,-53,-86,26,-232,-110,-107,-60,-23,51,-16,7,-26,-39,7,0
0,40,-53,-98,-87,-224,202,42,487,436,-45,18,98,-335,-260,-246,-219,-267,-306,211,216,-145,-148,518,-321,-204,279,117,-50,113,21,11,67,-163,48,10,51,76,121,129,120,123,102,165,135,137,162,155,144,208,223,305,92,-350,226,221,-361,-258,-87,-69,-34,-182,116,412,448,-34,357,87,31,31,31,32,22,21,11,0,0,-1,0,0,0,0,0,1,20,38,55,55,84,6,27,28,28,36,-102,12,-459,-260,45,-276,-110,-188,-344,-241,-150,-157,228,572,-137,-46,75,-243,-124,-116,-105,-51,-4,39,38,38,56,-3,-43,-14,-6,1,-16,0
0,31,12,-115,85,-117,-100,-255,1,-129,368,239,262,4,133,54,83,210,-466,-295,-215,-99,-152,306,-199,-165,-137,-292,-501,426,296,180,139,-115,70,37,80,-190,-140,-132,-130,-101,-72,-25,-55,209,-33,8,27,41,-219,337,182,-35,294,255,221,-7,153,-264,-187,-229,-278,-60,-46,-68,-176,300,130,68,-2,8,7,8,0,-9,9,-1,0,0,0,0,0,1,48,-77,-23,-23,-19,4,15,15,15,13,70,162,-34,135,386,-156,-142,512,368,535,-134,-109,166,58,-276,-111,-145,-69,-18,-18,-18,-17,-17,-27,-28,-28,0,-36,-9,0,-12,-23,-34,0
0,-55,52,-32,52,5,-23,-46,-85,-215,-60,401,354,395,455,353,307,319,1,83,-431,-277,-223,-125,-57,-22,-100,132,108,44,-76,-215,472,322,282,175,117,-88,-29,38,43,80,-227,-154,-314,-64,-151,-82,-81,-41,-270,44,-8,-149,-146,-40,199,31,157,48,117,146,60,-368,-178,-168,-219,51,-141,258,91,17,-2,-1,1,0,0,-1,0,0,0,0,3,23,89,-83,-29,-29,-26,21,73,143,134,108,206,219,325,-33,128,-106,-127,246,93,250,-136,-43,-84,-81,-104,-32,-84,-63,-66,-121,-179,-231,-189,-139,6,-64,-27,-6,0,0,-17,65,48,0
0,-92,34,6,15,51,-76,-28,-22,-46,-201,-16,-95,-208,-159,-329,554,91,429,387,195,368,336,-89,1,1,-57,27,61,-226,-195,-346,-59,-113,-303,-7,410,306,230,234,-420,208,16,90,79,-148,-281,-223,-194,-133,-162,8,-49,-3,9,75,44,44,76,164,173,198,245,-127,296,-156,-121,-127,-231,-102,174,232,156,96,54,51,52,53,53,52,51,51,56,60,-17,14,100,150,153,220,-176,-86,-95,-105,-116,-138,-47,-235,-120,-33,-58,-124,-172,-180,-187,-194,-193,-187,-214,-200,-180,-148,-151,-142,298,274,348,-54,40,30,-52,-9,-11,0,-17,19,-11,0
0,21,50,11,12,37,0,37,-56,-87,-176,-192,-97,-226,-143,-312,110,-248,-218,488,482,-175,-93,-290,-188,-90,-22,-49,-48,-30,1,-50,-149,-51,-197,-207,-56,-231,-2,448,7,314,208,174,178,62,38,122,197,-31,0,135,95,134,-45,-8,-28,-27,-36,-45,-53,-39,32,-62,175,-48,33,44,-280,-218,-71,-59,-159,208,81,7,-64,-16,0,24,-18,-18,31,87,89,207,-149,-64,-61,23,-156,-65,-74,-72,-51,-49,-8,21,45,39,34,34,34,-78,406,286,280,223,160,116,186,233,195,193,65,21,108,-76,108,46,-79,84,-19,0,-7,-13,-32,0
0,73,-9,47,35,-54,32,35,2,-109,353,251,-178,-270,-130,-113,-158,-208,-357,96,24,87,-271,477,504,-228,-214,-218,-125,-40,-18,-13,-45,74,40,-72,-109,-227,-130,25,-103,169,79,-3,327,239,284,308,-155,152,-259,-195,-137,-42,-83,-43,-43,-42,-38,3,45,70,73,58,95,100,81,34,-80,30,-356,-325,-399,-250,-439,84,-20,142,-272,193,127,126,199,-116,-36,56,-165,-88,-113,-71,-29,39,40,41,50,-23,-6,-6,-6,-5,-4,-3,-4,-116,177,66,-3,-128,269,186,201,-14,45,98,-125,-89,-71,-63,69,53,-72,57,-28,9,-1,-1,-23,0
0,60,-10,18,30,45,67,23,39,-69,80,18,365,369,-219,-176,-110,-52,-15,-225,-296,73,-234,175,176,-267,627,535,-119,13,6,-55,-49,-32,69,-51,-54,20,-54,-169,-215,-203,-229,-307,158,-26,-53,-109,108,377,141,229,263,-239,-129,-54,0,0,6,35,-230,-164,-21,-17,-19,-31,-128,245,321,274,47,109,94,16,-113,150,45,239,-564,-217,-272,-274,-187,-342,-199,-109,-37,-2,-42,214,-114,-61,-52,-48,-17,-42,-29,-105,-180,-252,-261,-261,-261,-297,-330,-353,-466,-44,71,34,145,-301,-116,-73,-39,-4,0,-6,26,-31,-44,-19,-21,-12,-1,-1,-10,0
0,5,84,-67,-43,-28,63,-12,67,11,-87,-143,81,37,269,283,341,-127,3,-19,-42,142,-250,-196,-165,-213,232,164,-185,255,13,8,40,-57,0,7,-6,42,17,13,22,-49,-33,-191,-50,-198,59,-110,103,9,6,32,31,219,286,-97,-1,-1,6,53,-96,-26,-190,-95,-75,12,-108,39,-107,342,259,254,211,157,116,56,-4,142,-109,7,-1,11,111,36,179,-147,-31,1,-1,147,-52,-56,-131,-154,-158,-65,-4,-111,400,219,175,126,126,116,138,66,-9,226,77,99,85,-171,0,0,-1,8,-1,12,56,-55,0,-14,84,-22,-1,-2,-1,0
0,-48,52,-45,-48,-95,-42,-101,30,73,-18,-31,-134,-243,100,-20,-64,114,-275,-106,-70,114,-38,213,-208,-185,-231,-199,-178,149,-58,72,-20,5,-100,66,-37,-35,43,26,21,16,46,-26,-80,-141,33,-57,37,-49,-75,-129,-243,96,109,-168,-63,-73,-69,-45,-51,172,-3,-249,-135,-22,-94,-49,-227,100,-12,-165,264,190,142,247,215,265,299,334,381,282,381,150,290,47,159,-58,-12,-13,-15,-55,431,378,210,-145,-105,-244,119,-86,265,184,208,208,242,224,52,56,12,88,72,-141,-30,-1,0,12,25,57,6,-28,-2,-14,57,-22,-18,-28,-31,0
0,-13,-14,-26,-56,28,-4,-54,-81,-105,-241,-226,282,-306,-313,139,-2,340,-18,214,-293,-183,112,257,-21,54,59,87,-190,-112,-100,-3,22,81,-9,49,-27,-7,-45,-51,56,34,47,86,-36,-29,-105,-32,17,-34,-120,252,125,30,-6,39,146,203,205,196,162,269,324,227,-74,-7,-35,18,-49,-77,-107,-237,-99,-156,-214,-45,-104,-104,-95,-94,-58,-190,-96,-153,-69,-109,-105,-329,-267,-278,-281,-361,-58,-101,-109,-198,34,-72,-139,-276,142,-122,-63,-39,-3,96,-176,75,65,-111,-37,155,-39,-1,2,14,-52,-12,-36,-8,-17,-24,-34,-47,29,6,3,0
0,-1,-2,-24,45,59,38,13,-100,340,234,158,421,-18,0,-117,-212,279,263,353,2,88,-195,-97,141,118,98,111,-22,83,-192,-115,-19,10,-14,75,57,79,15,-87,-24,-54,-43,-24,-68,-40,-68,-57,-12,-45,-129,85,1,-68,265,314,-109,-7,-20,-32,-62,22,40,159,-19,66,-29,-124,-201,-205,-102,61,-42,-55,-89,-30,-71,-70,-71,-71,-41,-64,-219,-283,-366,-426,265,144,116,122,171,172,121,-100,-62,9,130,91,103,73,212,-107,-7,61,-96,-5,-136,22,21,-94,-71,97,-48,-1,3,30,11,-31,-7,2,-19,33,1,-4,27,13,9,0
0,0,-3,-33,90,-82,6,-3,-78,98,-66,-175,-290,396,325,66,71,-307,-312,-323,171,187,78,-369,-202,-264,-70,-19,60,189,40,130,-198,-102,-82,3,-32,-13,-10,46,13,1,6,25,55,50,22,-8,19,0,-33,-65,-108,-160,-26,23,-274,-154,-185,-78,-104,-150,-135,-90,-55,-31,-158,497,371,469,-170,2,-5,4,-7,-16,-25,-23,-23,-22,-15,10,-273,482,163,162,63,-72,321,268,-106,-12,39,227,245,238,175,130,158,-52,19,-31,71,-69,-89,-42,-42,-41,-37,-18,-18,-19,-5,13,17,38,-27,-16,1,1,-42,51,16,10,4,-2,-1,0
0,0,-1,-18,-4,-7,23,-3,-1,-28,-200,311,113,-138,-172,-178,393,36,49,-81,77,16,125,-65,24,-9,91,172,-179,-51,142,167,-22,60,-215,-155,-115,-69,-32,-5,76,46,67,-42,-22,-43,66,40,43,36,35,35,34,-2,-30,-23,-43,21,11,75,59,33,-40,-18,-16,-25,-207,33,-183,-74,-403,-273,-287,-278,-192,-105,-18,-18,-27,-17,-29,-70,-428,533,191,60,-153,-189,-17,151,15,-92,-28,-40,-278,-44,-64,80,84,-6,53,88,66,-89,-16,-1,0,20,11,13,22,22,33,-95,26,29,-62,-24,2,1,-38,39,-1,-2,8,-2,8,0
0,-8,1,-16,-62,79,31,52,-20,-27,-78,205,30,111,-281,-363,2,-249,-106,144,28,54,100,129,116,116,53,189,-432,-304,-221,-284,-134,97,-10,-64,220,-208,-139,-119,-25,-14,1,11,26,0,-22,-36,-23,-13,-14,-7,-7,-34,58,47,65,81,-7,3,1,39,-23,-1,0,0,-240,13,-279,5,1,50,61,74,224,-416,-184,-91,9,1,-95,-251,-175,104,-66,73,159,186,142,73,120,0,79,56,-15,-133,-127,-28,-41,-31,-8,5,-13,-41,12,13,16,25,-51,85,-22,-22,69,-30,40,36,-1,-64,-23,-12,-39,38,8,-2,-1,-3,-2,0
0,-46,-20,-13,-55,111,-33,-2,-52,-82,27,-222,-26,145,283,216,212,59,99,264,208,283,-171,238,116,82,39,166,-44,13,141,47,183,295,87,-186,98,-84,38,82,-251,-204,-190,-113,-59,-102,-82,-86,-114,-36,-71,-83,-74,-36,-5,-24,-16,-10,-121,-180,-257,-256,-256,-245,-181,-151,-391,574,244,363,319,341,373,325,465,141,412,-261,-162,-208,-400,199,226,97,81,30,-137,-95,-87,-213,49,67,147,281,-21,-81,-37,-57,-64,-63,-62,-57,-28,2,32,-85,37,41,-78,10,-43,-52,-19,80,-58,68,73,38,68,-19,-39,38,-3,-4,-5,-5,4,0
0,-4,13,8,-60,22,-50,-15,-18,-44,102,-159,8,0,149,60,24,-16,-39,-56,-222,-148,-250,-18,-142,183,114,-71,102,58,204,165,168,-390,158,-3,164,-224,-104,118,-62,13,60,-46,104,-210,347,332,-47,-21,-108,366,-111,-18,-20,-26,-18,-14,-134,410,223,143,265,132,239,-25,-207,328,58,28,-13,8,-132,-144,-47,9,191,-179,-111,182,-52,253,133,-68,22,-27,-99,-47,13,-16,190,-160,-54,49,-134,-20,11,14,-16,38,-5,2,1,33,-54,1,67,-11,-29,-14,-4,-5,-33,41,-62,10,-6,12,22,-19,-39,33,-14,-2,-13,-4,-14,0
0,10,18,23,-15,7,-27,0,8,-30,17,-42,-43,6,-58,-163,117,4,-31,-66,-162,-137,-23,-20,-289,-22,33,13,136,63,85,29,131,-328,230,143,232,-80,8,51,85,120,167,123,-215,-419,-55,-67,-292,-178,-192,332,-67,-53,-34,-35,-85,-138,-324,77,-73,320,374,65,137,-40,-52,31,-82,-106,30,37,-78,-22,1,-202,-25,-50,-87,290,148,-88,44,17,-56,74,116,156,11,27,121,-93,-88,-29,3,22,41,43,18,37,11,38,38,78,-101,96,16,-36,-5,1,1,1,-8,-7,-16,-15,-25,-24,-16,-22,-61,0,11,1,-10,0,-1,0
0,-1,1,7,14,52,-32,-1,-1,-9,-59,60,-11,-52,-60,-110,57,-74,253,199,182,128,69,95,-24,-39,16,80,23,-25,-89,85,143,171,200,139,90,145,137,124,12,90,116,211,-8,63,27,2,54,201,-409,-245,-166,-172,-139,-79,-108,284,158,96,55,-190,-233,83,38,90,-74,-54,-72,-90,-41,-100,-124,-105,-85,-252,175,49,-23,39,4,-83,198,369,-109,60,60,84,-27,27,110,-20,13,-78,37,23,61,-50,-48,66,-32,-19,-10,9,-51,20,-34,-18,1,-1,-7,-14,-29,-21,-30,-22,-21,-21,-20,-47,39,24,26,16,16,16,15,0
0,-15,-7,0,0,31,-55,-16,-8,1,-55,74,14,0,-5,-33,-47,-151,45,-35,-85,166,50,13,60,-95,-92,-122,-161,-14,-82,21,-35,17,-292,-260,-75,136,48,142,-207,-133,-108,-41,18,44,162,146,144,282,28,216,335,347,221,300,-130,162,95,105,112,-250,-308,144,25,66,-66,133,-20,-73,-192,29,-47,-46,-47,-52,292,270,280,275,251,329,-12,182,-174,-96,-83,14,10,41,-12,-8,-30,-91,87,-33,7,-48,-43,37,-44,-25,-43,-55,-71,-63,-63,-57,-47,-38,-29,4,10,0,10,2,11,-7,-5,-38,15,16,6,0,0,0,0,0
0,20,-32,-14,-8,18,-10,21,-38,-23,-43,-32,32,0,-1,-6,-8,-22,-61,-96,-164,-95,218,91,78,-42,-10,-2,-44,32,-27,-36,-67,-9,-155,-126,-115,110,-26,29,22,67,100,-77,-34,-33,57,48,52,153,196,-206,-109,-55,-85,142,-58,-52,-72,-200,-205,322,-23,35,-52,-83,-143,-83,-172,-231,95,230,180,206,224,203,51,-300,-240,12,-296,61,-350,-171,-172,-231,-192,-133,-131,-104,-148,-57,-86,-68,-43,-95,-70,-60,-60,-61,-52,-54,-75,67,30,31,29,46,62,-3,4,27,23,24,2,-2,-2,6,-15,35,-4,3,2,0,-1,-1,-1,0
0,42,7,48,-13,5,9,36,-4,11,23,-70,72,32,32,31,14,16,-5,7,-22,-137,29,-123,175,66,36,35,23,12,1,0,-19,124,-12,-1,-124,106,-6,-22,46,50,2,58,91,-32,-80,1,52,106,-14,-183,-78,-5,-294,-154,-138,-99,48,-4,-80,82,-8,-94,-132,-189,125,89,133,89,233,179,170,-3,47,81,71,-225,-149,-4,-160,60,-24,64,86,82,118,-21,-2,5,6,13,11,11,9,20,16,18,18,16,-24,-66,-126,-65,-79,-21,1,41,1,-5,8,3,-11,-19,10,3,1,9,-4,21,7,4,-1,-24,-46,-56,-64,0
0,-19,-16,0,-35,-23,-25,-20,-13,-7,25,-63,23,-5,-6,2,-39,28,-16,-50,-100,-178,-198,-324,-153,61,2,0,-1,-3,-12,-48,-85,7,1,5,-56,62,0,36,12,2,-51,143,303,323,317,-1,81,124,69,155,193,259,76,134,120,145,-27,11,-28,-149,203,204,165,100,337,292,2,46,9,-35,-1,-111,-76,-49,35,4,77,98,111,-4,19,38,44,62,93,-4,31,33,34,25,34,31,-19,-58,-114,-111,-111,-112,-169,116,41,31,82,12,-118,188,-69,-7,0,0,-19,16,24,15,14,13,8,-23,-42,-50,-28,-47,70,5,5,0
0,-6,-7,-2,2,22,27,32,34,39,8,-4,-55,-44,-28,-29,-66,67,8,-88,195,75,67,44,-72,61,2,0,-17,-28,-74,59,25,25,97,87,51,15,-16,34,40,32,78,112,-397,-177,-1,-190,-166,-186,-207,-162,-161,-141,-112,-93,-84,-85,-249,-226,-217,-330,94,57,33,-2,-41,-23,-170,-106,-115,-104,-96,-69,-50,-27,1,81,-75,-30,-1,-69,-47,-45,-46,-46,-33,-51,-88,-129,-128,-128,-129,-134,-195,142,90,123,104,89,10,165,124,155,242,101,-188,88,-48,0,0,0,-29,36,2,-2,0,0,-11,-79,93,64,-123,-114,143,92,93,0
0,12,17,31,27,38,-5,5,15,20,-5,17,13,-34,-12,-22,-41,11,-63,-128,266,76,76,78,55,81,54,51,-32,78,35,97,85,-44,-48,-57,-72,59,61,-58,-37,0,73,327,39,-400,-284,-250,-329,128,-120,-107,-122,-134,-142,-133,-121,-138,211,60,103,-6,152,-106,-82,-80,-77,-50,-24,18,19,20,19,36,57,77,-49,19,-63,-36,-60,-85,-110,-111,-112,-112,-115,-185,114,38,60,80,100,105,37,211,175,-12,-23,124,48,47,55,-38,87,121,-159,-35,-17,0,-6,-12,-54,7,-22,-23,-30,-39,-40,-36,133,91,-24,2,22,-8,-8,0
0,-96,-38,-37,-17,-14,-47,-37,-37,-31,-33,-14,4,-33,-19,-12,-1,-52,-106,-72,356,182,120,58,6,139,-239,275,76,98,-23,-44,-49,-44,-31,-31,-36,-47,-30,-116,-106,92,-401,-109,11,93,203,205,101,360,58,11,101,105,121,139,184,36,358,58,124,99,103,-38,1,2,1,0,-1,50,-81,84,94,-29,-2,18,-72,-73,-106,-138,-176,99,78,77,76,83,47,-48,174,87,124,-31,13,2,-27,-58,-39,-188,-49,30,-15,22,-46,-1,-84,6,112,-48,-3,-8,-24,13,-29,63,38,36,38,26,-3,-3,21,77,76,105,-60,-27,-25,0
0,121,-148,-62,-7,-1,5,10,9,10,10,10,14,20,26,38,4,-1,-19,-116,11,-83,-151,210,66,224,-480,2,-219,263,45,53,113,262,181,119,50,-29,-4,11,-2,188,-259,-146,-73,-223,-71,-88,-132,-326,216,110,164,179,44,95,179,-71,10,-107,-60,-60,-34,-17,0,-9,-12,-15,-46,21,-218,-52,-72,-180,-168,-159,-145,-200,127,59,37,40,18,8,7,14,-20,109,42,-3,43,-58,-22,-22,-21,-2,43,47,120,17,-43,140,177,-120,-119,-84,92,-36,6,-14,21,31,-6,35,13,12,21,-18,63,5,-24,-3,-12,7,-18,1,-7,0
0,159,79,-114,13,-35,-44,-36,11,12,13,13,11,20,11,31,28,0,10,-18,-121,-135,-195,-28,236,342,-321,-58,-240,9,389,349,-173,-57,-159,359,198,141,95,87,80,146,104,177,246,-61,146,-389,246,-37,138,35,49,90,10,82,-33,-83,-36,-11,3,0,-29,-57,-56,-45,-47,-70,93,175,-124,-105,-161,34,20,30,28,-56,130,44,80,-45,-30,-29,-44,-61,-102,24,-1,-2,-3,-5,-5,33,33,139,19,114,53,118,71,249,-54,-151,-20,-19,-20,-19,-12,4,5,35,14,7,0,0,-16,-50,73,-65,4,-13,-22,-16,-7,1,2,0
0,32,228,-299,-138,-169,309,-77,8,0,-8,1,0,0,0,23,-16,-9,-12,32,46,-58,-60,-185,-169,371,-345,-63,-120,-287,-105,23,-158,-277,-348,-16,-225,198,94,34,29,-11,-8,4,57,106,306,-497,-143,192,20,25,-110,-64,-44,-8,-67,-16,-1,-1,-26,-50,-75,141,131,-125,78,71,-24,48,-77,253,142,108,96,83,66,-4,89,59,-35,1,23,36,34,136,106,-35,-42,-41,-67,51,26,143,-122,440,-250,-95,-212,-213,285,435,-299,-50,0,0,0,1,-1,-6,-22,1,-16,-22,-23,-15,-20,1,7,19,43,36,24,24,25,15,13,0
0,41,108,-63,45,98,59,-79,-1,0,0,0,0,-2,13,42,-30,-2,-5,-15,70,30,-46,-44,-268,427,96,-219,-203,295,-314,-149,-23,240,-291,-242,-389,-238,205,-343,186,26,-19,-29,-28,-18,103,-95,-84,157,95,-34,-71,-37,-37,-25,-12,0,-23,-37,-101,66,16,-46,-56,-15,85,110,-144,-66,-167,145,47,-24,-29,-55,28,-1,80,-54,14,13,28,-64,-53,7,-6,47,16,14,-1,54,38,262,-360,113,-277,-194,-309,224,-63,75,-148,-2,0,0,0,0,0,0,-10,-20,-42,10,0,-33,-43,-36,-9,17,-3,-7,-34,64,-24,-46,33,0
0,165,75,59,92,212,-322,-180,-102,-102,-98,-85,-43,-34,-79,-54,-37,-21,-24,-31,7,27,26,-46,-165,18,341,-29,-455,431,32,-187,-206,415,-85,22,-25,-157,260,-595,-178,128,72,71,72,75,115,187,35,27,38,-68,-13,-25,-50,-75,-75,-75,-112,49,-29,95,64,-70,-62,58,23,71,-212,6,-92,-12,-74,-68,7,-46,-9,-43,-28,-126,-18,-25,3,-52,-24,9,-71,27,75,48,43,-60,40,326,-389,-140,23,258,230,167,-201,-87,-52,0,0,1,1,-6,-14,-21,-31,13,-12,-28,-29,-59,-3,-10,1,-9,-26,-24,-41,22,-31,-80,64,0
0,-59,226,138,87,138,-26,68,141,-230,246,240,-82,-65,322,-100,-20,-15,6,10,-4,4,19,-3,-32,-286,386,305,25,349,384,-195,-277,368,164,181,159,101,171,-84,-52,-48,-98,-100,-98,-76,-52,-8,-84,-44,-38,-43,-48,-87,120,102,80,57,-2,87,33,17,19,38,38,10,-8,20,-109,129,60,42,25,4,7,79,36,23,36,56,74,78,93,100,12,74,-99,-86,-68,20,97,86,99,478,-258,-106,260,54,107,-146,-47,1,1,1,0,1,-9,-12,38,27,18,38,13,-54,325,-160,-118,-121,-83,-89,-90,-80,-50,-8,-7,-45,92,0
0,-132,34,-27,-116,224,131,108,172,-54,-61,-12,-149,-107,204,-106,174,-44,-11,-10,12,39,-25,-2,22,-143,101,1,-8,3,103,-147,-218,237,4,-47,102,58,94,130,167,36,39,38,50,62,-96,-66,-73,-61,-62,-64,102,79,-4,-22,-80,76,29,13,-1,-12,-23,-35,-35,-35,-60,43,-14,34,-30,-23,-24,-41,-102,84,35,40,36,54,-64,-34,-19,-3,-52,13,-12,4,-33,80,249,-139,-98,129,-151,-76,86,-150,-78,-39,-1,1,1,1,0,1,0,-4,20,10,3,-28,-28,-114,84,151,112,76,100,-279,134,99,-158,-40,0,-26,38,0
0,-33,-67,-99,-182,75,-57,194,161,167,-97,-51,35,-246,-178,-166,88,-72,143,-36,10,17,-45,-13,-2,-34,-62,-111,-111,-95,-47,-68,-126,36,53,-76,8,-49,-50,-75,-71,-46,-30,-7,20,71,-90,59,3,3,6,14,-3,27,-159,-14,-86,43,1,-1,-6,-49,15,2,0,0,-44,28,-63,34,4,2,0,10,-24,93,74,64,69,87,-3,28,32,39,61,-12,20,31,28,90,-192,-386,-264,-228,-181,-88,-29,-34,-28,-2,-6,1,-9,0,-2,-9,-17,-28,-23,-37,-44,-12,-100,139,-276,86,-23,216,165,-150,177,217,91,-60,-1,-18,0,0
0,0,0,0,-38,-74,-158,11,26,-8,283,259,280,32,53,114,-188,-101,107,-45,1,15,-5,21,-24,-7,-1,-1,-3,10,30,-36,-64,-43,-48,67,128,-187,6,5,25,48,18,28,-151,-108,-147,128,57,57,64,86,-205,14,-48,51,0,-19,-40,-58,-100,-35,0,-12,-14,-14,-60,55,-9,69,41,120,193,268,278,126,135,136,139,147,156,154,110,58,36,-22,0,2,-2,87,-101,105,-351,330,356,-111,-11,42,21,33,-20,1,9,0,-9,-9,18,13,20,38,-38,40,-139,447,131,-238,-378,158,38,40,46,103,-115,-195,-129,-78,-45,0
0,14,23,23,15,22,-53,-76,-61,-132,32,-31,-130,202,88,160,11,-233,-121,-67,0,4,7,-28,-102,-185,-117,-59,-2,10,30,-28,-39,13,-113,-34,197,120,185,128,-94,-49,-84,110,-28,17,-29,50,-2,-1,6,45,-32,169,250,223,199,208,205,186,277,316,281,272,262,270,237,328,302,278,275,381,-150,-99,-116,-246,-170,-116,-57,-80,-22,-27,-108,241,185,192,201,204,197,248,315,429,133,122,185,-118,-36,-31,-46,-36,-50,-39,-29,-28,-27,24,37,36,-7,-2,-52,26,-117,116,40,108,-41,108,-1,0,6,62,-115,-9,68,205,-71,0
0,-32,-21,-15,-19,47,-49,-36,-38,-74,-90,-128,-283,308,129,144,244,122,253,-147,-108,-140,-141,-209,174,71,220,-157,-15,4,26,-38,-38,33,-35,-59,-45,-29,-119,263,85,119,77,163,144,151,135,127,122,125,139,160,234,-165,-42,-62,-63,-64,-68,-87,-29,-59,-63,-62,-62,-63,-75,-107,-127,-142,-179,-110,-442,-386,-7,-16,108,-216,-143,-148,-110,-125,-190,-31,-98,-99,-100,-97,-101,-84,-86,-84,11,-244,-146,-109,-35,27,20,23,58,-98,108,38,-43,51,-35,-29,-6,-3,-13,24,-66,-113,-214,-61,210,78,21,-1,2,38,72,114,231,-32,-62,0
0,-8,-40,-14,-21,7,18,32,-10,2,3,0,-115,34,40,14,37,65,168,-71,231,151,145,63,255,185,350,-83,-87,50,15,-53,-28,32,-10,-17,-9,-50,-152,48,-35,-23,28,1,-22,-38,-37,-39,-20,-89,-76,-73,1,-194,-121,-138,-139,-131,-134,-145,-143,-201,-188,-188,-189,-190,-186,-129,-116,-123,-180,171,90,17,164,123,-73,-199,-86,-42,-12,-19,-46,-74,-102,-93,-106,-80,-79,-134,-138,-140,-114,-7,13,0,13,51,32,48,95,44,21,-5,-40,-9,-16,-7,19,12,7,4,-43,133,45,-77,33,-100,77,67,58,60,39,21,157,-297,-68,0
0,28,7,-16,-3,-24,19,22,-11,-6,-15,-7,-36,-102,-44,-69,-72,-71,-54,-50,109,142,100,41,19,-14,93,23,-142,-25,143,-81,-38,31,-2,-20,7,-14,-17,-61,-91,-110,-54,-83,-20,-27,-38,-51,-42,-112,-91,-90,-58,-26,-3,6,5,5,3,12,15,-24,-20,-11,-12,-13,5,-51,-17,2,-65,148,-9,178,40,63,-130,-10,63,-153,-34,22,21,21,20,21,29,-34,-43,-66,-4,36,40,100,90,92,78,73,92,14,-1,42,-63,-48,-36,-109,-124,-137,-93,-51,-51,-102,-143,35,0,-88,128,30,-5,-2,2,4,-28,107,155,36,-109,0
0,-33,57,-34,-5,-5,-1,-11,-11,-23,34,-29,-11,-17,-35,-42,-45,-44,-47,-75,-120,-113,-14,-73,-80,-82,-42,79,-127,-109,241,-108,-55,6,-34,-23,-19,-50,21,1,0,-9,-20,-37,7,1,-82,61,41,50,59,46,34,-4,-4,-5,-7,-7,-6,14,31,39,46,46,45,43,76,-5,-103,-76,-114,-151,-327,248,106,140,177,216,265,161,-229,-159,-161,-161,-162,-161,-152,-157,31,52,93,71,-7,8,-35,-23,-31,-24,-14,-64,-77,-67,6,-2,-55,280,202,196,278,-139,-147,140,176,-158,-98,37,150,92,-21,-16,4,-100,-4,61,-3,349,-195,0
0,-65,41,8,-17,-1,-1,-7,-22,3,37,-8,17,-32,-22,-14,-17,-11,-6,-1,-12,-57,-5,60,24,0,12,106,-126,-109,250,-110,-96,88,44,-60,-60,-43,-53,-60,-42,-22,-4,-30,-46,-114,-78,-9,-22,-8,5,-8,51,57,-8,-54,-55,-46,-25,-110,-61,-40,-11,0,0,-2,21,57,-14,16,14,10,-114,93,-21,-23,-31,-28,-1,69,81,123,112,121,120,121,115,178,-61,-19,-33,-28,-50,-75,-69,-56,-49,-50,-47,1,2,-8,34,9,-83,127,53,51,85,-200,115,248,332,-179,-85,10,-62,-94,-1,-8,12,-29,-67,-84,-242,339,-307,0
0,-22,-9,53,-21,-2,-8,-25,4,13,10,-2,-4,-46,-36,-17,-17,14,-30,-13,-6,-15,-52,12,72,55,65,141,-99,-89,171,-90,-121,236,101,-80,6,77,44,39,71,-61,-25,-19,93,20,-48,-45,-5,-110,-76,-88,-65,-84,221,141,139,125,133,54,91,-10,-58,-39,-39,-40,-40,-26,-21,1,0,-1,-25,-50,-74,-74,-73,-71,-72,-96,130,107,106,106,105,106,106,176,-80,18,30,30,58,28,52,-7,19,-33,-41,-18,-76,-86,-135,-148,-169,-204,-238,-241,-246,66,-8,13,110,-112,-31,-28,-48,-68,-6,-35,-19,2,-80,-74,-148,302,-42,0
0,3,-2,-16,-33,-21,-14,0,22,7,-10,-32,42,21,25,53,-37,-7,-32,-19,-60,-50,-65,-105,-47,-50,-43,28,-87,-82,106,-83,-149,210,-12,-51,92,69,47,46,49,49,-117,-94,-21,168,72,86,-1,-60,-33,-42,-62,-169,55,-12,-1,-2,93,84,127,54,32,51,50,49,48,50,51,51,50,49,82,-22,1,-1,-1,0,-8,-27,-56,-84,-84,-85,-74,-63,-46,-3,70,-22,11,13,18,11,86,-20,-1,9,-97,231,-276,133,98,89,95,42,53,72,71,154,-109,1,-71,-9,30,29,15,6,-1,1,1,0,3,-33,34,91,81,0
0,11,15,-14,-1,0,-1,19,6,2,-38,20,41,23,23,42,-11,13,19,27,4,6,7,-3,-12,25,-94,110,-95,-78,217,-78,-126,195,-114,-106,85,-23,-33,-23,-55,154,1,11,-27,-64,-77,133,65,104,117,104,91,60,4,-25,-127,-131,-73,-85,-66,-29,7,15,14,22,21,22,14,15,24,14,37,-31,1,-1,8,0,1,1,0,0,2,20,66,-7,21,-15,25,-68,-52,-58,-57,-69,-9,-57,-11,14,-139,442,-20,222,136,-215,208,198,242,246,105,44,-13,41,-22,-13,-35,-41,-51,53,-32,0,-15,-47,21,-10,26,-10,-90,0
0,-1,4,10,15,14,10,-4,1,2,-44,96,55,53,54,62,70,78,61,49,28,42,43,35,39,113,-175,225,-113,-89,144,-89,-128,231,-149,-121,103,3,-1,18,-37,28,-19,89,71,-6,-129,26,-84,-40,-40,-50,56,25,10,95,39,48,39,31,54,-50,-28,-28,-28,-29,-30,-29,-28,-27,-36,-27,-17,-8,1,-1,-1,-1,0,0,0,-1,3,33,-52,-52,-24,-58,-45,-95,-65,-127,-126,-132,-133,-143,-116,-131,-194,-32,-154,195,140,-107,192,-213,-126,-106,-65,-21,-39,-32,-23,-68,57,45,30,124,-54,-23,-58,38,69,-63,54,45,-7,0
0,1,0,0,1,1,8,13,18,18,-8,40,-21,-19,-18,-18,-18,-18,-49,82,49,32,16,2,8,120,-247,227,-108,-97,182,-96,-109,251,-122,-104,119,-9,-14,-5,-21,-25,-78,76,45,71,-8,51,-110,-55,-44,-24,-60,-81,-24,21,6,12,13,5,28,-22,9,0,0,0,0,-1,-12,-22,-33,-34,-36,-35,-34,-34,-34,-34,-33,-33,-22,-11,30,82,-90,-30,-24,-73,-63,-193,139,51,72,90,108,105,101,77,114,-310,32,-180,-100,167,47,-117,-11,-100,-12,-25,-29,-65,33,-4,98,-10,-3,7,-76,32,-20,61,52,5,-9,-20,88,0
0,1,1,16,18,9,21,-18,-3,5,-11,-7,-48,-37,-36,-36,-36,-36,-66,19,-5,-27,64,18,6,115,-241,233,-118,-111,250,-110,-102,168,-114,-105,118,-40,53,-50,-59,41,-81,-13,-34,-39,49,69,-5,46,-35,-12,-81,-78,-37,-57,-67,-67,-67,-67,-58,-49,-49,-38,-38,-39,-41,-41,-51,21,-1,7,5,7,13,28,52,43,43,42,62,1,53,-9,-72,14,-4,-84,253,95,287,163,170,62,107,120,110,72,272,-56,283,-76,-14,81,-10,-10,48,-33,-27,-44,23,-18,64,54,7,-71,-57,34,12,90,78,-10,7,30,-39,-29,84,0
0,0,2,33,-92,33,16,-62,-34,-34,-33,-27,-22,-18,-18,-18,-12,-6,-12,-35,-41,-73,-14,61,63,147,-213,246,-105,-119,232,-119,-102,186,-114,-104,121,-38,127,31,23,103,8,4,-15,-12,-76,40,19,49,9,59,71,71,60,59,37,25,22,21,21,23,15,17,7,15,22,22,-15,57,26,43,32,33,59,-31,-3,9,34,48,84,56,-43,-26,-14,-17,-70,-187,-22,-114,-225,152,-16,-62,-5,-90,-82,-29,76,36,72,69,90,7,-63,-101,25,58,-58,30,60,44,68,-29,-78,65,-44,20,-16,-4,4,-49,-29,-27,7,93,-98,0
0,7,2,49,-149,74,9,-2,3,3,4,-5,4,3,3,3,19,-18,0,1,1,-14,-47,25,-2,70,-155,168,-75,-105,255,-105,-112,248,-124,-103,102,-64,20,-2,9,8,-6,78,47,41,-51,22,1,10,39,-48,-16,-15,-5,4,0,76,53,53,53,56,57,58,56,53,51,52,45,38,27,27,26,26,63,16,-11,25,33,-69,-26,-12,-129,-52,-107,-193,108,7,-22,-29,-48,78,-8,-45,3,-56,-48,-13,-57,-78,-68,-47,-35,-12,23,9,89,4,-69,100,52,-22,12,-60,57,17,-57,74,-49,-24,-17,4,35,57,112,-15,-85,0
0,7,4,68,-141,84,17,24,14,15,16,16,16,15,15,16,36,-33,-22,-20,-20,-14,-22,-29,-40,12,-89,43,-37,-77,157,-77,-110,250,-120,-83,132,74,23,-83,-53,-50,-48,19,-20,67,36,23,-6,-7,25,-31,-4,8,28,-54,-49,26,-5,4,-4,-2,-11,-3,21,37,64,56,57,57,57,57,57,56,66,97,-48,-15,-55,-162,-185,-171,-238,120,79,9,265,170,170,196,107,-67,-2,-78,29,-64,-47,-54,12,9,17,-46,-53,-54,10,11,-5,2,-71,23,5,-60,-18,-44,43,-52,54,98,29,75,77,99,30,-21,52,-93,-19,0
0,38,41,73,-108,129,-64,61,36,23,12,0,0,12,13,14,7,-6,9,23,27,53,-5,0,-3,26,-44,-2,-10,-49,50,-49,-90,180,-97,-72,37,-36,146,25,46,-58,-42,-62,-71,-9,-29,38,15,3,13,36,-29,-16,4,-50,-42,-63,-56,-66,-54,-41,-29,-14,31,-77,-54,-54,-52,-52,-51,-51,-57,-62,-74,-11,-141,-61,-122,235,163,164,96,327,17,11,49,-3,8,22,-22,-120,-59,-90,94,2,20,43,10,18,35,-21,-39,71,-84,56,-91,108,-71,-54,67,-29,-17,-43,76,98,16,-9,20,-47,-28,-6,-48,-81,-50,-21,10,0
0,-6,-4,38,-71,50,-73,16,7,-24,65,47,48,67,-40,59,53,55,60,72,-5,6,24,24,20,86,-37,-2,-1,-35,73,-35,-56,124,-60,-45,27,-119,15,150,152,85,69,37,22,-78,-89,-24,40,44,45,57,-16,-10,-14,-5,4,3,3,1,30,-60,-41,-15,-101,-169,-128,-138,-128,-137,-135,-135,-145,-100,-128,-80,-54,-13,-79,147,70,80,47,53,-123,-108,35,-91,-86,-90,36,-27,5,-14,53,63,-47,97,-70,-25,-18,-22,20,114,-74,54,-57,114,27,-56,32,-55,-14,95,154,1,-85,-39,-19,-69,-50,-41,-25,-7,1,0,0,0
0,-33,-34,-24,-15,-13,-23,-25,-38,-42,1,-26,-26,-6,-68,-5,-15,-26,-15,-4,-54,-41,-2,-9,-15,13,-23,2,1,-28,79,-29,-26,28,-28,-18,15,39,-72,18,-15,4,-57,196,160,116,124,121,44,46,20,-6,-14,97,54,42,31,32,32,30,48,-7,20,45,-12,29,44,42,52,43,45,44,34,62,48,29,76,49,23,-105,-117,-115,-113,-88,-62,-68,-18,-7,-10,-29,37,20,30,40,-77,63,-144,98,-60,0,0,-21,10,107,-89,-29,-65,-3,16,133,21,149,177,-71,-46,-105,-46,-26,-17,-8,-9,-1,-1,-1,0,0,1,0
0,0,1,0,0,-1,0,0,-2,-11,-20,-17,-26,-9,-18,-18,-25,-26,-25,-17,-8,-5,-10,-15,-17,-1,-14,3,-8,-16,28,-17,-6,-5,-5,-8,-36,25,-21,-40,-57,-65,-110,25,-32,-26,-20,7,-66,-72,-2,69,23,71,35,121,100,91,90,87,61,35,28,38,50,53,54,53,53,54,55,54,58,46,35,35,36,21,36,-4,8,9,7,14,23,-2,-14,34,29,12,7,-9,0,31,-25,77,25,138,-19,0,2,16,37,79,105,128,13,144,56,-25,-69,14,45,-110,-28,-15,0,0,-1,-1,8,-1,8,-1,0,1,1,0
0,0,1,-8,1,0,0,0,0,0,-1,-1,-2,0,0,1,0,1,1,1,0,0,0,0,-1,1,-8,3,1,-4,-5,-5,0,1,-7,-7,-8,-15,-30,-18,-17,-17,-38,-60,-72,-73,-65,-64,-63,-67,-24,21,-19,-19,-51,16,-5,-5,2,-18,14,165,118,119,120,120,120,120,121,35,-62,-151,-161,-169,-168,-180,-171,-170,-159,-150,-142,-141,-143,-135,-144,-142,-158,-151,-151,-143,-53,34,121,133,172,-99,242,-16,-83,181,174,-58,-11,-33,29,40,-50,62,-2,-107,-64,-64,-54,-36,-1,-1,0,0,-1,7,-2,-2,-1,0,1,2,-8,0
0,0,-34,-69,-104,-104,-104,-104,-104,-103,-102,-103,-104,-104,-112,-124,-147,-168,-177,-168,-170,-172,-172,-172,-171,-170,-170,-170,-172,-172,-172,-171,-171,-170,-167,-166,-166,-167,-167,-168,-182,-197,-210,-212,-213,-215,-215,-213,-213,-223,-244,-262,-272,-272,-283,-293,-304,-306,-308,-318,-311,-222,-258,-273,-281,-282,-283,-284,-283,-440,203,46,93,69,78,83,100,82,83,83,83,84,85,96,98,119,122,127,77,79,227,-408,-258,-262,-215,-405,-145,-351,-342,-171,-179,-328,-273,-282,-291,-289,-299,-280,-262,-233,-214,-213,-198,-184,-171,-170,-170,-170,-172,-149,-126,-103,-85,-66,-55,-44,-44,0
0,0,-76,162,86,86,77,86,82,70,67,66,26,-22,-69,-86,100,100,72,53,41,38,47,38,39,39,39,39,38,47,38,39,39,39,40,12,10,-2,-3,-3,-17,65,58,46,45,53,44,45,44,53,44,45,45,45,46,47,46,53,50,32,18,-13,-25,-39,18,-1,-2,-20,-17,-165,235,69,108,138,137,87,103,104,105,114,104,106,110,112,59,73,75,87,65,75,233,-165,-22,-21,0,-3,21,13,23,20,23,58,81,81,81,82,81,90,88,90,90,83,105,21,36,39,51,78,95,137,-10,50,111,-23,14,6,6,0
0,1,-84,187,100,80,89,90,75,108,96,79,7,356,267,292,189,214,155,256,203,199,200,200,202,202,179,155,131,131,131,132,133,133,133,122,191,179,177,178,147,220,203,199,207,206,206,207,206,206,206,207,207,207,185,154,129,135,132,140,141,133,135,111,169,154,149,206,183,123,71,-8,-44,-5,14,-31,11,11,0,9,8,11,6,16,-28,1,-36,-36,-22,-11,43,113,183,194,218,206,208,208,210,214,169,212,234,234,234,234,233,233,200,212,194,237,250,184,208,201,238,113,185,248,131,61,117,1,37,38,39,0
0,-8,-50,-51,-33,-64,-64,-64,-79,-70,-22,-41,-108,103,34,71,-119,-81,-169,119,57,-7,-29,-53,-21,-30,-95,36,-38,-38,-37,-37,-35,-44,-37,-50,0,-11,-12,-10,-28,-40,-44,-47,-47,-48,-48,-48,-48,-48,-48,-48,-48,-48,-76,103,72,80,76,64,50,31,23,17,2,-13,-36,13,-1,1,-1,-100,33,10,35,-74,-43,-34,-27,-19,-11,4,10,42,51,61,28,39,39,40,44,55,-36,-17,-12,-16,-15,-15,-10,26,21,-97,-56,-56,-56,-57,-57,-56,-98,133,-62,12,0,-20,1,23,83,9,-113,-62,-17,-73,-44,-16,0,0,0,0
0,1,-10,-48,67,40,40,31,47,24,48,16,-25,-92,-140,-98,-126,-161,-259,-90,-108,-151,298,-19,43,34,-91,252,129,118,103,55,19,3,0,-11,-12,-30,-30,-29,-28,-29,-21,-31,-30,-30,-30,-31,-31,-31,-30,-30,-30,-29,-49,-15,-38,-29,-50,-52,25,1,58,44,45,48,24,-4,-32,-22,-20,-36,53,36,-4,-77,-25,-4,27,-31,-17,-3,-74,-34,-36,-21,-10,20,45,72,56,92,27,49,56,54,54,54,58,85,-9,-89,-47,-56,-20,6,33,32,-10,197,-152,-108,-170,-9,19,-124,-33,9,-80,-16,-10,4,18,19,18,18,18,0
0,1,-1,-18,7,-18,-18,-19,-19,-24,-26,-42,49,35,30,39,-58,302,202,220,-134,-146,140,-88,-45,-36,-156,175,48,21,-16,93,157,148,146,145,146,146,146,146,143,120,97,77,78,65,51,36,44,35,36,37,37,38,31,-38,-36,-35,-49,-61,-11,-41,-1,-16,-16,-16,-46,90,84,88,-27,91,52,54,42,84,112,-17,18,-13,1,24,-9,-94,-74,-43,-32,11,-159,-85,-63,-51,-50,-40,-41,-42,-42,-41,-37,-12,-59,-19,0,0,44,-154,-109,-108,-118,-116,-272,-49,-137,-31,15,-289,-205,-145,-80,3,19,22,24,24,24,24,22,0
0,1,-9,-7,-16,-13,-22,-22,-13,-22,-22,-44,16,-12,-11,-11,-117,169,97,135,-46,-14,-20,-35,-14,-14,-83,12,-55,-103,36,63,90,63,68,60,51,40,7,-5,-37,-51,87,48,48,24,116,99,96,65,33,3,-8,2,10,20,28,18,0,84,-46,-49,-54,-62,-53,-61,-89,-16,-41,-39,-89,19,-2,12,-54,-29,3,-63,-19,-5,0,10,37,-16,54,-27,0,35,-27,-144,-105,-104,-103,-102,-102,-102,-102,-101,-108,-96,-75,-64,-65,-56,-21,-127,-91,-90,-98,-117,29,102,54,58,123,41,103,187,-143,-49,-126,-113,-108,-77,-46,-18,-20,0
0,1,1,1,-1,-1,-1,-1,-2,-2,-1,-10,-18,-26,-24,-24,-77,-44,-86,-63,-26,4,4,3,3,3,-15,-35,-53,-100,29,-54,-109,-114,-115,-115,-141,-62,-109,34,-4,-45,83,43,42,-8,41,-9,-12,-49,156,122,121,120,118,80,33,12,-16,65,57,57,57,55,64,56,38,25,21,21,6,-28,-54,-36,-63,-17,-4,23,-23,0,0,1,13,16,71,-90,-43,-25,31,-75,-35,-35,-36,-36,-36,-35,-35,-33,-34,-33,-35,-33,-21,3,24,44,62,64,65,0,98,22,6,30,-88,-38,-20,72,-167,-53,-119,-98,-67,-16,-188,-140,-142,0
0,0,0,1,1,1,0,0,-1,8,-1,-1,8,-1,0,0,-9,-28,-37,-37,-36,-36,-36,-36,-37,-37,-37,-38,-20,-60,-71,-125,-40,-81,-81,-85,-98,-60,-125,-46,-100,-119,-138,-148,-149,-206,-27,-92,-95,-141,11,-49,-50,-72,-87,-174,88,8,-22,-31,33,22,22,22,34,50,66,68,66,60,49,108,42,28,57,-72,-54,58,-46,-2,-2,-2,0,3,27,-12,10,10,36,56,65,74,72,72,73,87,91,113,102,122,104,117,110,5,14,14,15,16,17,-26,58,13,32,48,-43,-3,-4,61,-17,59,71,95,165,20,-64,-4,28,0
0,0,0,1,-8,0,-11,-21,-31,-31,-31,-31,-31,-31,-30,-30,-29,-28,-27,-28,-29,-29,-28,-27,-28,-19,-28,-29,-29,-30,-29,-75,72,21,24,15,35,-22,-93,-4,-37,-29,-38,-47,-38,-84,43,-2,6,-18,-50,-89,-116,-167,-22,-121,32,58,39,25,13,4,-5,5,9,-85,-89,-87,-86,-80,-100,-78,114,74,88,6,25,107,-42,-1,8,6,-2,0,10,20,28,37,28,30,21,29,29,41,54,70,-25,-12,-14,-12,-20,-17,-16,2,9,17,20,23,43,18,84,58,58,72,87,99,106,132,59,95,87,93,46,-19,86,166,11,0
0,0,0,1,2,2,-9,16,-40,-76,-76,-75,-75,-75,-75,-50,-25,0,-4,-52,-44,-40,-1,0,-1,-1,-1,0,0,0,0,-32,36,-4,-5,-38,-33,-134,143,59,55,55,65,57,58,36,-7,-50,-73,-73,-74,-97,32,-42,95,25,-26,21,4,1,0,1,1,-11,-21,-40,-19,-27,-35,-36,-49,-120,58,8,10,7,6,1,-90,-61,-34,-19,6,-1,0,0,-1,-1,1,8,32,45,46,48,-20,4,-1,10,10,2,13,5,2,86,70,69,90,13,32,22,12,3,4,4,8,55,103,158,167,178,178,185,218,160,185,56,-97,0
0,0,0,-2,-12,-32,-59,-54,185,128,119,120,120,121,122,167,-14,31,23,-27,358,-59,5,-16,-37,-38,-40,-40,-40,-39,-39,-50,-61,-62,-65,-95,65,-68,165,-8,-1,-1,-1,-1,0,-3,-27,109,40,28,26,-8,94,32,21,1,-10,-41,-66,-71,-74,-75,-75,-98,-14,41,38,37,38,39,40,-9,-54,-89,-104,-118,4,16,72,100,115,18,38,38,39,38,40,40,43,59,-32,-19,-17,12,-46,-45,36,25,25,25,13,13,-6,-5,-7,-6,6,-46,-37,-28,-36,9,53,86,101,151,-167,-89,-113,-126,-156,-154,-61,-131,-160,128,-94,0
0,0,-3,-44,-82,-53,-51,-109,110,43,41,16,17,20,38,83,-47,-69,-153,-258,47,-253,-186,-43,-115,-107,-110,-101,-110,-109,-109,-111,-112,-112,-124,-150,-32,-104,-112,-139,-124,-123,-123,-123,-123,-125,-157,-78,51,32,45,31,17,2,2,-14,-39,-55,13,1,8,7,7,-17,39,15,-6,2,0,0,1,-21,69,70,64,42,127,136,-57,-15,22,-50,-6,-15,3,-7,-5,-13,-2,14,-60,-28,7,22,67,56,56,45,45,45,24,141,25,46,48,68,105,140,155,154,155,220,-93,-13,-7,52,-176,-124,-172,-47,-91,-59,-19,9,-33,270,64,0
0,-33,-37,-78,161,146,166,-43,-30,-61,-56,-91,126,-103,-58,-38,-26,-136,277,87,94,150,-150,294,217,215,210,219,211,213,201,168,165,157,148,138,117,98,99,100,101,100,99,99,99,98,73,22,111,-29,-36,-38,-38,-47,-39,-64,43,7,56,36,35,25,34,23,12,-11,-36,-44,-49,-50,-50,-74,-13,-31,-44,-57,-70,-33,-171,-111,-63,-159,-105,-89,-73,-60,-45,-31,-39,-19,-9,1,45,-148,-97,-101,-100,-99,-100,-100,-122,-28,-69,-35,-31,7,-190,-137,-139,-141,-131,-67,-256,-207,-221,-147,-53,-12,140,203,169,218,-57,6,-32,-53,-72,0
0,-57,-62,-119,41,-16,3,-105,-64,-65,-69,-93,52,-105,-41,-20,-9,-170,405,233,223,288,81,143,105,113,108,95,65,37,6,152,112,92,74,55,53,53,54,47,47,55,54,54,54,54,65,36,54,-52,42,8,7,7,6,-11,43,20,10,2,1,1,1,0,-1,-27,69,46,57,55,45,43,39,29,29,30,30,53,69,84,100,45,90,-14,5,30,-62,-35,-22,-10,0,1,36,-76,-18,-20,-18,-25,-36,-10,-37,4,-143,-103,-99,-54,-168,-82,-51,-5,-5,15,53,49,198,220,-132,-78,15,-46,-61,6,-162,-97,-96,-96,-96,0
0,105,103,85,48,23,41,60,77,86,75,59,50,62,108,-35,-5,-118,92,-33,-34,-7,-10,-148,-160,-170,-166,-187,-53,-77,-89,58,3,-82,5,-30,-31,-22,-30,-28,-28,-29,-29,-30,-30,-33,-45,-58,-72,-91,68,33,32,33,32,22,11,3,-16,3,1,1,-1,-1,-3,-20,58,45,29,9,-10,-2,-14,-14,-12,-11,7,27,42,29,49,60,81,4,32,57,-17,1,14,-63,-41,-25,7,35,50,50,42,43,49,49,49,91,-38,-6,5,13,50,165,-64,57,57,49,58,15,153,183,-123,-51,-60,-71,-72,-46,-30,5,-2,2,33,0
0,63,62,62,62,62,71,63,54,44,33,34,34,35,72,-44,-1,-42,-82,-120,-120,-143,-172,-6,-32,-25,-36,-66,49,-2,17,-183,-243,76,100,64,64,65,65,44,23,1,2,-9,9,-4,-30,51,15,-10,34,10,-1,0,0,0,0,2,2,4,-7,2,-1,8,-3,-6,-30,-45,-80,59,19,19,27,28,22,15,55,-75,-50,-48,-41,-41,-27,-12,0,12,25,40,53,3,17,24,-60,-38,-25,-10,14,53,73,65,66,85,105,124,124,124,136,234,-261,-83,-61,-69,-68,-89,-97,-58,-15,23,31,28,37,47,65,65,68,82,-3,0
0,-48,-48,-48,-48,-49,-49,-48,-77,-8,-50,-79,-108,-107,-90,-74,-59,-60,-59,-58,-57,-106,12,74,58,47,47,30,14,0,38,-79,-110,94,8,-29,-37,-34,-15,-57,81,11,2,-1,-1,-6,-34,97,60,49,37,36,35,35,34,33,34,35,36,38,29,38,35,34,33,34,35,35,-7,51,2,2,1,1,3,-5,26,-50,-27,1,18,45,36,36,36,37,29,31,40,50,62,78,21,44,60,-22,41,-107,-76,-75,-75,-75,-75,-55,-36,-6,-15,97,-57,-100,-37,-16,3,2,0,-1,-1,0,9,19,49,-21,-2,-3,-1,14,-44,0
0,-30,-30,-30,-30,-30,-30,-29,-50,36,-49,158,104,104,94,103,102,102,104,97,98,51,203,129,101,109,109,100,108,110,130,150,124,85,53,35,191,13,36,-18,62,131,71,68,77,65,40,81,27,4,4,3,3,2,10,9,9,1,2,4,4,2,0,-1,10,2,2,0,-49,74,27,27,26,4,-10,-15,-12,-24,-9,58,-47,-8,3,3,4,4,5,6,6,6,6,15,24,35,51,-24,41,-97,-55,-46,-46,-46,-47,-11,-156,-119,-118,-79,-8,-92,-7,-109,-75,-75,-75,-75,-76,-67,-58,-119,-67,-100,-44,-30,-29,-18,-17,0
0,0,0,0,0,0,0,0,-12,-24,-112,19,-35,6,37,37,36,36,27,10,1,-13,-47,-61,-52,-40,-50,-41,-62,-61,-70,-68,-68,-61,-56,-90,39,-124,-3,-45,-142,119,48,45,44,40,-15,-102,5,-44,-34,-43,-41,-42,-43,-45,-45,-35,-42,-41,-41,-44,-27,-17,-4,17,-2,-14,-70,38,3,3,0,-52,90,-27,-35,87,82,12,-153,-82,-50,-50,-41,-42,-42,-42,-42,-42,-43,-35,-36,-36,-36,-37,-7,-5,23,22,13,14,21,56,-60,-3,8,20,42,110,-7,-73,-39,-18,4,24,23,23,41,-20,50,-72,-123,-99,-99,-95,-62,0
0,0,0,0,0,0,0,0,0,0,-80,128,90,-157,-116,-117,-117,-117,-134,-51,-77,-76,-78,-70,-55,-126,-135,-40,-55,-32,-30,-29,-30,-34,-36,-59,-56,-77,16,-14,-83,15,-59,-53,-54,-60,-107,140,195,151,124,98,78,70,79,77,76,76,78,70,79,75,73,106,-37,-1,-34,102,59,41,0,-24,-52,-110,163,43,27,96,84,-11,-25,31,-103,-51,-41,-42,-42,-42,-42,-42,-43,-44,-45,-48,-59,19,4,4,4,12,4,5,3,26,42,60,-8,27,33,99,-23,44,70,87,-57,-24,-24,-24,-15,46,121,40,-12,13,13,17,45,0
0,0,0,0,0,0,0,0,0,1,-62,100,79,11,52,50,51,51,33,79,62,62,61,60,77,32,35,94,-1,9,10,1,10,8,17,18,-1,-14,-35,-54,-92,-25,-57,-60,-61,-67,-112,41,-53,-70,-82,57,-11,-31,-30,-31,-22,-31,-30,-30,-30,-31,-23,9,-83,-58,-90,2,-33,-28,-92,61,-2,-47,33,-20,-27,-84,101,77,92,132,43,2,18,20,34,48,60,60,60,60,60,57,55,89,73,64,72,71,71,72,71,69,78,98,40,54,-51,-21,-3,15,15,54,-14,33,32,34,56,166,-221,93,78,89,104,140,210,0
0,0,0,0,0,0,0,0,0,1,-21,-52,-73,7,25,14,15,15,8,1,-7,-8,1,-7,2,9,12,7,-41,-22,-20,-20,-20,-22,-23,-23,-44,34,2,-8,-29,22,-3,-9,-3,-15,-44,-74,-101,-109,-139,-101,-1,-42,-69,-88,-106,-106,-106,-97,-106,-106,-107,-95,-72,-57,-70,-84,-100,-105,-171,79,0,-24,-29,-43,-43,-76,27,-33,-78,6,20,-13,5,15,32,-42,-17,-17,-17,-18,-18,-20,-28,-36,-42,-43,-44,-45,-44,-33,-20,-10,-10,-3,-5,-7,9,9,8,7,7,55,-20,31,42,54,68,18,-197,26,1,-7,68,-82,6,0
0,0,0,0,0,0,0,0,0,0,1,2,-6,-17,-27,-28,-27,-27,-27,-27,-28,-20,-29,-28,-26,-35,-24,-16,-7,0,0,-1,-1,-1,-1,-1,-33,25,-27,52,16,8,-7,21,15,-39,-34,-40,0,-3,-55,14,104,41,-4,104,72,72,47,23,-1,0,0,-1,-2,-2,-11,-2,-3,-7,-47,56,2,1,1,0,-1,-19,-36,-111,-14,10,-8,-11,5,21,0,-59,-33,-28,-4,9,9,10,10,10,8,16,15,15,16,27,-41,-40,-30,-31,-51,31,86,71,70,63,48,51,-2,-61,12,63,132,14,104,-16,1,2,85,-186,-79,0
0,0,1,1,1,0,0,0,0,0,0,0,0,0,0,0,0,0,0,0,-1,-1,-1,-1,0,0,0,-12,-22,-32,-31,-32,-22,-31,-31,-23,-63,5,-36,17,-1,0,-7,13,8,-112,280,-95,-5,-22,-81,2,-59,-116,12,68,36,36,-29,123,59,60,60,60,60,61,60,48,34,21,2,-26,-36,-37,-37,-35,-35,-36,-29,-116,146,58,38,47,48,70,-21,11,43,59,-40,-17,-17,-17,-26,-17,-19,-20,-21,-21,-19,3,-55,-36,-16,-14,-22,19,-3,-27,-31,-80,30,17,64,72,219,-290,-4,-49,5,-52,26,70,120,77,-51,0
0,0,1,-8,1,0,0,0,0,-1,-1,-1,0,0,0,0,0,0,0,0,0,0,0,-1,8,-1,-2,-14,57,19,20,-2,-1,-2,-1,-2,-14,46,17,8,1,-3,-10,-18,-19,-188,463,-175,-83,35,-7,-21,-35,-88,-23,-93,-108,-108,-193,92,-1,0,-1,-1,-11,-21,-41,-65,1,-13,-21,-20,-21,-13,-22,-20,-29,-21,-23,-72,33,-23,-16,-9,-1,-4,37,-15,3,19,-45,-31,-22,-21,-20,-20,-22,-22,-22,-21,-19,-17,-16,1,25,-48,-40,-49,-58,-93,-1,-53,21,9,104,-101,66,-294,104,17,16,91,-209,-90,-40,50,-67,0
0,-1,0,1,-10,-22,-33,-33,-33,-34,-25,-34,-33,-33,-33,-33,-33,-33,-33,-33,-33,-34,-34,-35,-34,-34,-35,-47,15,-32,50,21,40,30,30,29,19,9,1,-3,-7,-28,7,-21,-40,-183,144,-80,-42,60,0,-15,-23,-71,42,0,-1,-2,-62,58,-2,-13,-26,-30,-60,8,-19,14,83,60,59,60,59,58,58,60,61,61,59,40,21,3,16,-34,-19,-37,51,-16,1,12,23,41,42,33,34,34,33,42,32,33,34,27,37,38,53,-37,-12,-2,-2,-25,72,58,61,62,40,-158,-18,-149,55,-8,-7,233,-45,83,-152,-95,-113,0
0,8,-1,0,-20,58,27,16,6,4,4,3,3,3,3,4,3,3,3,3,3,3,13,-17,-38,-60,-61,-71,-80,-108,-45,-65,-75,-67,-67,-66,-66,-66,-65,-81,-44,-51,-45,-62,64,-10,-35,47,35,-17,108,37,17,-36,62,24,32,22,12,-17,-37,-52,22,-3,-6,53,28,55,20,16,16,17,18,16,25,16,18,18,18,17,16,16,29,-12,1,-7,-7,-8,0,0,-1,-2,-1,-9,1,1,-9,0,-1,0,1,10,2,2,28,54,70,70,69,59,63,-41,4,37,39,93,151,21,40,27,29,66,16,132,99,124,92,0
0,-1,-1,0,-19,40,10,80,63,63,33,-15,-47,-38,-56,-44,-45,-47,-49,-48,-46,-45,-52,-89,72,33,33,33,33,24,15,7,7,16,6,7,7,7,7,0,18,16,6,-49,24,-32,-45,-60,-89,-147,-67,45,-16,38,21,2,2,1,2,2,2,-22,60,34,22,11,-4,-19,-15,-17,-27,-46,-53,-55,-46,-56,-53,-53,-52,-43,-25,-16,-20,-5,0,0,0,0,0,0,0,0,1,1,1,1,1,1,0,0,15,21,46,37,67,-19,4,5,5,5,22,-52,32,-81,-14,-5,13,31,37,85,143,102,-122,-40,18,28,23,0
0,-1,-1,0,-8,-29,-39,4,-12,-12,-87,207,129,127,116,99,65,57,43,58,74,96,75,6,98,59,59,60,60,60,60,60,60,51,59,39,8,-3,17,37,32,8,-29,-60,88,26,27,26,10,90,11,82,38,90,70,69,69,69,69,69,69,57,43,48,38,39,40,39,28,3,-6,57,44,25,27,26,37,35,37,44,-30,3,1,1,0,0,0,0,0,1,14,27,39,39,39,40,62,84,105,106,133,24,50,49,69,8,21,21,30,19,50,52,139,-128,-52,-51,-50,-55,-21,80,-152,-11,-81,-27,-88,-88,-89,0
0,7,-2,-1,0,-1,-1,-18,-24,-21,-87,90,21,-5,35,-14,-48,131,106,114,-48,-26,-61,77,17,9,-1,0,0,-1,-1,-1,1,1,-1,-34,104,76,107,-39,-69,80,6,-19,82,45,46,45,19,82,62,37,15,14,-3,-3,-3,-3,-3,-3,-4,-4,-6,-6,-7,-6,-5,-8,-21,49,17,30,14,-2,56,38,-15,-17,-15,81,-39,2,0,0,0,1,13,25,35,36,52,-30,-6,31,51,71,86,-63,-22,-21,-3,-67,-42,-42,-34,-17,-7,-17,-7,-10,-8,-18,47,-51,-4,-2,20,46,113,-35,-158,-83,-65,-53,-37,-31,-31,0
0,-64,-4,7,-1,0,-1,-28,-83,-109,-145,-173,-185,-239,-108,-32,-74,-64,-70,-62,-73,-68,-104,42,-10,0,-1,0,0,-2,7,-2,0,0,-2,-34,104,58,81,-30,-76,191,123,105,87,72,65,74,63,50,38,3,-10,-42,-32,-33,-33,-33,-33,-33,-35,-26,-35,-33,-33,-32,-31,-43,-40,12,-19,50,11,-20,17,17,44,48,46,75,23,46,45,45,45,46,58,-20,22,56,96,15,39,108,-190,-2,14,-126,-76,-84,-72,-62,-52,-52,-53,-79,-94,-127,-117,-127,-126,-126,-109,-92,-74,-72,-17,-131,-24,-170,-55,-10,14,24,45,33,21,0
0,-135,-28,-35,-34,-32,-41,-97,168,103,103,103,101,76,92,169,160,14,21,24,152,136,91,49,-1,0,-1,-2,-1,20,52,65,66,66,61,-2,-73,-119,-98,-88,-106,-25,-87,-88,-79,-87,-85,-94,-87,-88,-91,-116,50,-8,2,0,0,0,0,0,-2,7,-2,0,0,1,-8,-14,-38,-64,-85,-35,-87,-3,-32,-49,-84,-67,-53,-85,-52,-31,-18,-18,-18,-17,4,-56,4,-160,-114,-99,-87,-19,-273,-87,-102,-84,-64,-64,-63,-64,-54,-62,-62,-97,67,25,27,27,27,35,47,68,98,90,172,-124,-5,91,-27,31,53,-37,-15,-7,0,0
0,-208,-110,-109,-107,-106,-105,-181,22,-34,-5,33,68,58,32,5,15,24,5,-49,-103,-122,-159,-7,-68,-78,-78,-88,-68,-22,-173,-117,-118,-117,-127,-175,90,4,4,3,-13,-30,-44,-45,-44,-43,-40,-40,-42,-34,-47,-72,40,1,2,0,0,0,0,0,-1,-1,-1,-10,-21,-30,-34,-51,30,-2,-10,-19,-67,61,30,38,-33,-4,0,-40,5,-85,-59,-59,-60,-60,-51,-42,8,-111,-77,-75,-75,-43,-19,-4,-21,-21,-21,-21,-21,-22,-20,-18,-7,-32,87,45,46,37,45,44,86,-61,-1,17,96,-7,52,140,-147,-66,-17,-59,-9,11,-62,0
0,-43,36,58,82,74,84,54,24,-12,28,-247,-201,-201,-201,-202,-202,-202,-272,-9,-79,-92,-112,30,-23,46,26,16,33,-2,-166,-111,-133,-114,-132,-172,85,17,18,18,18,17,25,13,23,15,8,17,16,17,14,-5,-23,-49,-38,-39,-39,-41,-42,-42,-42,-42,-41,-61,8,-3,-17,-16,56,35,36,36,10,45,26,44,45,58,47,10,51,-30,-13,-5,-6,-6,-6,-5,13,32,50,51,65,79,83,82,81,81,81,81,81,81,85,98,39,29,19,0,1,1,1,0,40,-107,-31,-157,-105,-87,-69,-4,-143,-30,41,-31,25,16,-42,0
0,141,173,7,50,51,41,49,49,52,73,12,39,40,41,42,42,41,-31,204,113,107,79,45,4,73,53,62,50,97,105,146,142,144,140,92,58,10,9,9,9,7,5,10,20,3,14,15,7,9,7,15,16,7,16,-4,5,13,12,11,10,9,11,-17,62,42,29,33,10,0,1,0,-7,-15,-24,-25,-25,-23,-22,58,-2,19,41,40,39,39,39,40,31,40,39,41,66,-34,-11,-3,-5,-5,-4,-3,-3,-2,2,18,-29,1,1,0,0,0,0,0,39,98,154,45,77,76,75,99,128,223,-107,49,-55,-23,-32,0
0,83,117,-13,-19,-48,-87,-86,-86,-84,-90,86,90,103,95,96,96,95,69,35,-20,66,44,54,37,26,26,40,52,159,152,149,146,156,140,143,135,144,144,144,144,143,150,146,146,146,148,126,96,75,73,82,73,73,81,89,80,79,76,59,51,36,38,20,11,1,0,-1,8,-9,0,-1,-1,0,0,0,0,-1,-17,46,-15,1,1,0,0,0,0,1,1,1,1,19,42,0,21,18,25,25,17,18,18,19,14,32,-58,-43,-42,-42,-42,-29,-15,-1,32,-114,-65,-39,-25,-17,-19,-18,-18,96,-116,217,140,-6,-22,0
0,-149,-111,-100,-105,179,104,71,71,63,48,43,-61,-39,-37,-36,-36,-37,-39,-40,-61,1,-20,-28,-28,-28,-15,-2,-160,-110,-78,-45,-45,-44,-43,-41,-41,-41,-42,-42,-42,-43,-66,-89,-115,-135,-135,-161,18,-21,-23,-34,-55,-58,-62,-64,-63,-61,-63,-74,23,-3,-2,-1,0,0,0,-1,0,0,0,8,-2,-1,-1,0,0,1,-6,-6,-7,-1,1,15,30,42,42,42,42,42,44,63,-35,-1,16,14,14,14,15,15,16,18,20,7,65,51,51,51,52,76,-16,-1,34,-58,-25,-26,-28,-29,-31,-21,-22,79,-191,-151,-18,-111,-49,0
0,-41,-21,-28,-21,-111,150,97,88,71,66,78,28,40,42,42,43,61,79,105,87,79,62,72,73,74,70,101,6,109,-138,-71,-70,-79,-70,-71,-72,-73,-73,-73,-72,-73,-118,18,-75,13,-16,-143,-20,-60,-62,-77,-3,-26,-17,-17,-16,-25,-28,-47,23,-1,-1,0,0,0,0,0,0,0,-1,-1,-2,8,-1,0,0,1,-8,1,0,-1,11,11,-69,-45,-45,-45,-45,-45,-43,-26,-82,-59,-60,-60,-59,-57,-37,-27,-26,-34,-33,-40,34,27,27,26,26,40,-25,-1,4,7,20,30,40,41,40,60,83,179,23,-116,30,-153,-107,0
0,181,191,203,220,-23,13,-31,106,63,65,82,100,100,102,102,105,130,11,33,42,43,43,43,42,35,37,55,70,162,-67,-8,2,2,-7,1,0,-1,8,-1,0,-1,-37,84,137,172,151,146,131,113,111,95,179,156,147,100,72,35,34,32,10,9,-1,0,0,0,0,0,0,0,0,0,-1,-1,-1,0,0,1,0,0,-1,-1,3,21,-59,-36,-36,-36,-36,-36,-35,-25,-16,3,-6,-5,-4,17,-61,-42,-41,-40,-41,-51,-71,-81,-82,-83,-73,-63,-53,-6,12,120,128,57,67,77,69,106,-30,39,124,42,143,-22,-268,0
0,54,46,58,87,151,-20,-39,72,38,38,36,35,35,36,36,39,55,-36,-5,-5,-6,-6,-6,-6,4,-5,5,-5,28,61,94,94,94,94,94,93,92,92,92,93,92,69,13,92,48,37,99,90,89,97,75,63,52,53,-5,260,192,190,191,181,192,191,192,192,192,192,192,192,192,192,192,192,192,192,192,192,192,191,200,191,192,194,198,220,231,231,231,231,231,231,230,229,230,222,232,232,244,184,204,204,204,203,212,204,205,215,204,204,203,203,279,-15,114,113,51,70,71,72,100,-10,42,51,73,126,200,0,0
0,0,0,0,0,0,0,0,0,0,0,0,0,0,0,0,0,0,0,0,0,0,0,0,0,0,0,0,0,0,0,0,0,0,0,0,0,0,0,0,0,0,0,0,0,0,0,0,0,0,0,0,0,0,0,0,0,0,0,0,0,0,0,0,0,0,0,0,0,0,0,0,0,0,0,0,0,0,0,0,0,0,0,0,0,0,0,0,0,0,0,0,0,0,0,0,0,0,0,0,0,0,0,0,0,0,0,0,0,0,0,0,0,0,0,0,0,0,0,0,0,0,0,0,0,0,0,0
